Group_A,Group_B
11.28,14.47
9.75,11.81
10.79,12.04
11,16.76
14.17,13.76
11.64,9.29
11.69,11.24
12.7,11.95
10.88,11.87
14.56,11.54
8.58,9.55
12.77,16.03
16.4,8.85
16.42,16.69
11.97,8.52
10.96,15.14
11.98,10.53
11.6,8.49
8.99,10.39
16.55,11.33
16.95,11.3
10.85,12.12
11.19,10.16
10.61,9.68
10.26,13.26
13.29,12.69
10.4,10.37
10.55,12.5
9.37,9.21
11.17,8.59
14.19,10.96
11.85,10.94
10.01,8.86
8.76,11.63
9.77,8.49
10.49,11.16
11.35,16.01
15,13.45
11.99,12.64
15.38,11.09
16.33,9.45
12.56,10.72
11.27,11.41
10.87,10.39
13,11.07
13.7,10.65
11.16,10.26
8.29,13.29
12.12,15.85
17.06,12.47
11.2,10.67
8.57,11.74
9.17,10.82
11.44,9.41
15.25,10.17
10.93,8.34
12.99,11.36
8.44,12.69
9.23,10.38
13.42,10.75
13.33,11.32
10.15,8.13
9.87,12.29
12.31,12.88
15.34,12.97
11.56,11.89
12.02,9.83
10.59,10.7
11.78,11.7
11.55,11.42
10.51,16.29
15.66,11.75
12.15,12.06
16.55,11.65
11.93,15.75
15.68,10.02
9.86,11.26
11.68,12.98
8.12,15.61
16.2,15.15
9.98,9.25
14.66,9.16
11.36,10.08
12.13,11.93
14.76,10.98
9.99,9.63
11,8.27
11.26,11.85
10.49,10.22
11.27,11.94
8.84,11.83
15.19,12.2
16.37,9.21
13.38,9.22
11.4,9.83
12,11.08
11.53,8.23
8.7,11.19
9.73,14.6
9.53,10.65
8.26,9.81
13.78,13.3
10.45,11.33
8.17,13.28
10.84,10.23
10.6,9.17
11.64,8.17
11.15,16.58
14.11,10.61
10.41,10.21
11.56,8.35
14.94,9.14
10.33,14.89
12.41,11.89
16.05,10.57
12.6,10.95
8.64,8.53
8.24,9.44
10.52,8.33
10.55,11.85
11.58,10.93
17.51,12.34
12.87,10.69
10.1,11.66
11.11,9
12.37,15.88
11.58,12.5
13.48,10.36
9.93,13.06
11.38,14.23
9.3,8.52
12.07,10.43
13.14,8.2
13.5,8.51
10.34,10.98
10.84,15.93
9.41,8.15
14.54,11.57
11.29,16.02
10.64,12.07
10.95,8.18
8.96,10.79
9.61,9.48
15.35,11.99
11.01,10.13
10.7,14.76
15.08,11.46
13.62,10.76
16.94,10.98
10.7,10.55
16.08,12.71
10.15,14.08
9.96,10.77
10.03,10.52
10.99,14.16
12.07,9.83
10.78,11.94
9.65,11.35
10.93,10.34
16.56,12.54
11.02,9.48
12.56,11.43
9.77,11.55
10.01,9.77
10.53,11.56
8.64,12.12
10.1,16.38
13.15,13
17.3,11.15
12.1,9.6
9.94,10.51
10.9,10.2
11.5,10.68
10.88,9.68
9.15,9.64
10.13,12.5
11.31,15.5
16.24,13.72
8.62,8.34
11.94,8.16
9.64,17.14
11.8,13.92
11.95,10.13
15.8,11.87
11.54,9.15
8.26,10.38
10.84,13.94
17.52,12
9.68,11.4
10.53,8.37
11,11.97
13.88,12.59
16.01,10.89
8.97,10.84
15.23,11.83
9.78,13.19
11.12,11.47
13.46,9.85
11.4,11.13
16.95,15.77
10.23,10.29
12.2,9.84
14.11,12.81
11.63,11.16
11.16,8.62
11.54,13.63
10.49,10.01
11.99,11.18
10.8,10.76
10.35,11.37
9.97,12.6
8.42,9.27
15.28,8.38
14.92,12.5
9.91,13.56
11.55,14.82
9.71,10.16
12.64,12.73
17.52,8.74
15.9,10.61
17.14,8.18
10.17,13.55
9.63,15.55
8.41,10.64
11.29,12.24
10.61,11.23
12.6,11.34
12.42,9.03
8.89,10.44
12.38,10.61
11.98,11.33
14.17,13.05
11.88,8.58
12.9,11.45
9.73,12.65
9.27,10.23
12.04,8.35
12.07,11.26
16.72,9.77
10.55,11.62
12.08,9.6
13.18,14.31
10.98,10.01
14.6,11.32
11.71,8.54
9.97,15.43
13.83,11.95
10.92,11.44
8.74,16.23
12.75,11.84
10.35,10.06
10.71,15.68
14.36,11.35
11.04,12.37
10.4,10.16
10.99,13.16
13.5,11.73
12.16,9.28
8.76,9.76
13.05,10.43
10.85,12.24
12.13,13.17
10.79,8.2
11.54,14.47
9.75,15.4
10.34,11.8
11.87,12.96
10.99,16.65
12.88,17.2
14.39,11.77
10.41,11.81
15.87,11.59
9.74,12.92
10.05,13.15
15.96,8.5
14.8,8.96
10.93,15.03
10.92,10.4
12.05,13.92
12.77,15.33
10.21,12
12.55,10.38
13.17,9.13
11.97,11.33
10.94,11.74
9.7,10.49
11.69,11.27
10.76,13.33
9.31,8.58
10.33,11.66
14.6,13.78
14.42,12.66
9.84,17.15
14.67,11.3
10.16,14.5
15.93,9.11
10.23,10.85
13.19,9.47
10.38,12.14
9.64,11.42
10.83,16.92
10.94,17.13
9.51,15.99
12.55,10.92
11.43,8.5
10.91,10.5
10.22,12.04
8.92,12.39
13.48,13.44
10.48,10.99
12.46,9.88
13.19,9.28
10.19,10.13
11.48,11.58
11.54,10.04
12.97,10.15
17.31,13.4
8.94,9.86
11.38,11.59
11.25,16.73
10.52,11.35
13.92,9.76
9.11,10.06
10.77,8.55
9.76,10.67
9.49,11.84
13.13,10.2
8.78,9.34
12.82,12.87
12.1,9.19
13.65,9.2
11.48,14.31
11.94,12.62
11.27,9.02
13.4,10.98
10.89,17.35
8.48,11.94
9.39,10.21
15.36,11.89
15.22,11.93
11.56,11.65
10.02,15.37
13.48,9.85
12.19,11.56
10.69,14.27
11.54,14.37
12.56,11.55
10.76,13.22
8.5,11.28
10.52,10.78
8.63,9.14
15.83,8.74
11.17,8.46
8.13,10.26
11.2,14.94
10.25,11.59
14.06,13.5
13.25,9.72
12.35,12.63
15,14.98
8.62,11.41
10.46,14.42
11.54,10.02
11.3,11.67
12.33,9.68
10.9,10.87
12.82,15.34
9.76,11.16
11.05,11.99
8.8,10.26
8.68,10.55
15.63,10.21
10.25,16.05
9.79,10.65
14.21,8.17
8.31,8.17
12.66,10.23
13.19,11.92
11.8,12.32
13.53,9.3
8.83,10.42
11.71,9.89
11.95,11.92
8.46,10.62
11.33,16.38
9.75,11.63
8.69,9.7
11.35,8.51
12.75,11.8
8.55,11.2
12.8,11.58
14.24,11.03
13.55,8.76
15.49,13.63
11.72,12.05
11.02,15.16
14.71,8.96
14.81,11.2
10.44,10.09
16,12.43
11.22,14.75
12.49,8.51
16.53,8.41
11.45,11.97
9.47,8.48
10.79,8.9
10.85,11.12
14.71,11.82
8.3,12.84
11.92,12.85
12.15,14.67
15.34,9.65
11.96,13.71
8.38,10.54
11.65,11.75
8.58,10.69
12.75,14.08
9,13.08
9.83,13.45
9.19,8.48
12.01,11.19
9.79,8.28
14.54,14.34
9.12,16.07
10.6,9.54
10.27,10.17
9.08,13.96
17.05,9.72
10.43,12.4
11.99,11.75
15.86,10.54
15.78,10.18
10.66,14.9
10.13,11.7
8.18,9.8
11.84,8.32
10.83,12.96
9.44,9.1
9.1,13.38
13.79,15.82
10.15,14.04
8.32,11.03
9.17,10.45
11.38,9.97
10.51,10.34
12.49,12.41
10.05,15.62
11.65,10.42
10.47,9.01
9.97,11.99
9.18,10.82
9.47,13.35
12.05,13.84
10.65,12.97
11.92,9.64
12.07,10.33
8.91,12.15
13.35,12.51
12.67,13.67
10.04,13.27
12.05,13.93
10.89,14.49
10.95,11.21
13.6,10.07
12.85,9.12
14.36,11
13.11,14.55
16.52,8.79
15.57,14.68
16.05,8.67
15.13,15.1
10.26,8.45
8.52,12.33
9.7,12.7
11.42,15.28
9.16,11.05
12.38,10.3
12.74,8.81
11.58,15.84
8.29,10.56
10.42,13.19
11.07,8.39
11.11,10.78
9.78,9.81
8.91,10.14
13.93,11.01
9.18,10.69
15.14,13.01
17.45,13.76
16.25,9.64
9.8,14.52
12.88,11.01
12.87,13.29
10.24,12.8
14.59,13.03
10.67,12.88
11.14,14.63
9.36,12.83
8.61,14.05
11.22,15.89
11.34,11.59
12.32,9.84
11.54,13.21
12.44,8.51
13,10.19
10.18,11.15
11.96,11.73
16.1,10.86
10.01,16.53
11.45,15.73
11.01,15.42
11.26,10.31
14.36,9.82
10.67,10.84
12.02,15.58
11.42,10.71
10.28,11.77
9.91,10.26
12.86,8.13
11.7,10.41
11.6,10.66
10.93,8.46
14.77,11.95
11.35,10.61
13.3,12.6
10.15,14.64
14.16,10.28
11.14,10.56
9.71,9.18
15.83,15.68
15.57,16.59
8.75,14.01
13.34,12.94
12.36,11.18
10.35,9.21
9.86,11.37
15.68,15.02
9.43,9.93
16.71,11.22
10.67,9.54
9.9,12.34
9.95,8.8
9.94,11.93
15.3,11.53
9.9,10.18
11.58,9.64
12.65,9.65
8.64,15.06
13.17,15.49
12.27,12.46
16.74,9.81
10.44,15.49
13.24,11.95
14.23,9.46
10.72,13.33
9.74,9.24
15.21,13.17
14.81,12.3
17.44,15.83
13.18,13.45
10.25,15.04
15.11,11.19
13.57,10.42
12.63,11.29
9.93,9.55
10.8,12.38
10.36,10.88
16.47,9.34
9.77,8.33
8.1,9.69
12.96,16.94
10.19,11.58
9.78,10.72
12.32,9.74
10.86,10.7
14.38,11.97
11.98,11.5
11.28,11.72
16.48,10.34
11.41,10.62
9.65,12.89
16.95,8.37
11.34,9.14
11.83,10.78
11.79,9.93
9.75,13.26
9.27,8.84
9.13,12.07
12.34,10.07
16.17,14.48
8.25,13.94
8.44,15.33
14.87,11.39
12.45,13.02
9.49,10.86
8.87,13.43
9.33,13.41
11.36,12.91
11.85,12.38
9.2,9.85
14.12,15.65
11.18,10.62
12.04,10.51
12.33,11.54
14.77,10.47
14.37,13.36
12.58,10.27
8.47,11.47
10.52,11.76
11.21,13.11
13.07,11
13.28,10.11
11.04,11.88
12.32,16.61
12.39,8.67
11.14,13.39
11.72,12.13
9.15,12.35
10.81,9.89
12.89,10.45
10.38,11.25
10.99,8.82
10.4,9.28
13.37,11.08
13.09,10.11
9.62,9.47
17.54,10.64
15.18,9.66
8.9,10.09
10.89,12.59
9.81,9.71
10.61,10.16
14.29,10.74
10.68,8.54
13.52,11.3
11.06,8.82
13.61,10.31
10.45,9.36
12.79,13.43
8.83,12.11
13.03,8.94
14.93,10.14
8.64,12.21
14.97,16.06
15.8,10.37
10.12,9.38
10.22,15.82
10.04,10.09
8.62,12.23
10.05,11.72
9.84,10.43
10.72,16
11.85,9.92
15.94,12.3
9.79,12.99
16.41,9.34
9.43,11.06
10.1,11.03
13.26,10.09
12.47,14.79
9.7,12.53
12.52,11.5
17.03,11.27
10.3,11.41
10.79,10.13
10.85,14.1
9.5,10.1
10.62,12.42
9.92,14.54
10.47,12
14.48,11.91
8.46,12.51
10.16,12.02
10.17,10.8
11.34,9.99
10.08,16.46
9.99,11.13
12.22,10.15
12.97,10.43
11.84,14.02
16.98,11.81
9.54,12.1
16.66,9.99
9.53,8.81
10.22,11.79
15.97,12.29
9.92,8.95
15.9,11.82
14.3,10.04
11.19,12.9
10.47,13.18
9.48,11.87
11.05,10.05
16.1,11.93
14.54,11.36
12.12,12.65
9.06,13.21
11.34,8.67
12.02,12.78
9.97,8.49
10.41,10.96
13.14,12.05
11.4,9.28
10.87,10.86
10.88,13.19
11.74,11.81
8.16,15.16
10.4,13.63
9.96,12.78
15.1,11.74
8.58,10.98
11.96,10.88
12.23,10.96
16.08,13.28
9.3,9.76
10.23,8.72
13.1,10.52
14.92,11.86
12.49,9.76
15.12,12.09
8.86,8.6
12.29,10.35
13.66,10.98
10.68,12.34
11.22,16.47
10.64,10.89
9.87,16.07
14.77,16.72
10.98,9.85
12.08,14.52
10.69,12.71
12.63,10.38
9.82,9.32
11.24,12.83
13.37,13.28
13.23,11.24
11.08,9.95
11.73,10.7
14.81,9.8
9.85,9.18
12.34,9.25
10.97,10.87
12.5,10.64
12.79,15.62
10.03,10.86
10.56,14.33
13.82,14.54
9.74,11.81
8.85,13
11.17,10.56
10.93,12.26
12.47,11.04
9.7,14.6
13.52,15.07
10.22,11.28
11.31,8.88
8.15,13.11
12.59,11.3
10.84,10.89
17.13,11.51
12.85,13.99
10.22,15.88
10.76,15.23
14.76,14.03
12.07,12.89
8.69,10.11
11.21,13.41
10.74,10.58
12.86,11.64
10.67,11.56
9.9,10.38
9.71,9.61
11.77,17.44
15.63,9.18
10.19,9.84
11.37,15.2
12.7,11.93
8.84,12.46
8.75,8.97
9.39,11.28
16.71,11.58
10.3,8.54
10.53,13.55
8.24,17.56
12.01,12.67
12.04,15.82
15.83,10.55
10.32,14.81
9.81,14.57
12.74,15.1
13.25,9.88
10.57,9.63
15.25,9.5
11.95,11.42
8.32,10.97
11.22,10.26
14.58,8.59
10.51,11.72
8.95,10.03
8.29,12.53
10.31,10.2
10.02,10.07
16.84,11.37
10.64,8.85
8.28,10.96
10.9,10.55
9.08,11.28
9.64,9.96
13.35,9.3
11.91,11.36
10.82,14.39
8.79,11.29
12.36,11.83
15.54,11.05
11.45,10.35
10.74,11.11
11.86,15.1
12.44,8.4
9.72,8.87
10.42,10.27
8.39,11.9
10.46,10.58
10.95,11.87
15.4,11.05
16.86,12.08
10.97,9.63
9.59,8.56
11.67,17.14
8.23,12.48
9.07,16.85
11.58,13.89
12.23,12.28
11.16,11
14.58,12.39
11.79,16.93
11.06,11.42
17.39,12.61
11.66,12.76
11.83,11.37
10.47,13.08
10.05,11.09
11.24,9.21
11.24,16.89
8.83,15.85
9.9,11.19
12.25,9.49
15.76,11.93
11.3,9.71
12.08,13.75
13.49,11.07
14.85,15.05
12.07,15.75
10.89,13.13
10.57,11.43
17.48,11.95
11.35,15.05
11.64,8.36
13,16.69
10.89,9.97
15.47,11.12
9.7,14.28
12.18,8.97
16.44,10.82
10.65,15.6
11.19,15.96
15.02,10.75
15,13.32
9.75,11.12
8.28,12.1
9.79,10.38
13.77,10.67
12.52,11.2
11.41,15.3
8.54,8.31
10.23,17.22
9.1,9.33
12.88,13.38
8.19,15.86
11.39,14.18
8.25,8.83
10.93,13.08
11.79,12.77
11.15,10.65
12.88,10.35
12.12,11.61
12.12,10.88
8.85,10.96
9.54,12.57
11.6,9.96
10.58,14.25
12.74,8.29
13.71,14.87
11.91,12.09
13.38,13.75
12.22,10.44
12.7,10.6
11.28,8.95
10.85,9.91
14.41,12.91
12.51,15.64
9.68,8.77
8.1,11.48
10.75,11.72
10.92,12.01
12.77,9.34
11.73,10.51
12.26,10.59
11.63,9.1
8.82,9.7
13.57,13.38
12.43,11.14
14.59,10.72
8.95,9.58
11.13,14.27
10.36,13.35
17.09,10.52
12.06,13.32
8.13,8.84
12.12,9.81
14.21,13.8
13.42,12.08
9.03,11.18
11.22,17.15
8.6,11.08
11.16,13.43
10.03,10.16
8.7,10.7
12.23,14.52
10.17,13.71
11.58,9.85
11.06,8.62
12.02,16.76
12.87,11.99
12.07,10.88
11.5,9.49
17.44,17.53
10.8,10.74
13.4,10.27
12.27,13.03
11.68,12.74
11.89,9.95
9.26,12.85
12.07,11.49
11.2,10.42
13.85,10.07
8.9,12.47
13.44,10.97
15.67,10.56
12.06,11.4
9.42,12.51
8.33,9.1
10.78,12.77
11.52,14.25
17.32,10.36
16.07,10.69
14.68,14.25
15.66,15.39
9.3,10.55
12.83,13.12
10.03,11.78
15.68,8.89
16.06,12.15
9.62,9.25
16.59,13.43
12.57,12.19
10.5,11.12
9.66,12.1
15.29,12.69
10.31,14.89
15.79,14.74
15.89,11.26
12.42,12.53
8.67,9.82
12.65,11.45
17.06,8.47
15.63,8.75
12.35,12.07
15.56,11.16
13.12,11.57
8.83,11.7
10.63,12.34
13.44,13.49
8.21,9.08
8.88,14.56
10.03,10.81
8.42,10.44
11.19,13.63
11.06,11.79
14.38,17.17
13.41,10.84
15.41,11.21
17.11,15.53
10.07,9.38
12.19,9.69
10.99,11.07
10.08,10.14
14,11.77
10.48,16.91
10.54,11.15
13.08,11.36
